0 2851.5
250 2804.5
500 2754
750 2703
1000 2652.5
1250 2606
1500 2576
1750 2550.5
2000 2528.5
2250 2514
2500 2519.5
2750 2532.5
3000 2553
3250 2598.5
3500 2638
3750 2641.5
4000 2629.5
4250 2602
4500 2590
4750 2569
5000 2540.5
5250 2496.5
5500 2449
5750 2414
6000 2377.5
6250 2341.5
6500 2306
6750 2269.5
7000 2225.5
7250 2182.5
7500 2146.5
7750 2133
8000 2134.5
8250 2114.5
8500 2013.5
8750 1896
9000 1835.5
9250 1822
9500 1887
9750 1975.5
10000 2067.5
10250 2077.5
10500 2068
10750 2085.5
11000 2114.5
11250 2149
11500 2187
11750 2232
12000 2295.5
12250 2363
12500 2427.5
12750 2483.5
13000 2526.5
13250 2560
13500 2586.5
13750 2606.5
14000 2619.5
14250 2630.5
14500 2635
14750 2633.5
15000 2631.5
15250 2628.5
15500 2620
15750 2607.5
16000 2574
16250 2537
16500 2502
16750 2469
17000 2440
17250 2415
17500 2390.5
17750 2359
18000 2303.5
18250 2255.5
18500 2212
18750 2178
19000 2168.5
19250 2162.5
19500 2166.5
19750 2169
20000 2159
20250 2146.5
20500 2138.5
20750 2131
21000 2123
21250 2115.5
21500 2109.5
21750 2107.5
22000 2110
22250 2112.5
22500 2114.5
22750 2116
23000 2117.5
23250 2118.5
23500 2118
23750 2117.5
24000 2117.5
24250 2119
24500 2121
24750 2122
25000 2115
25250 2109
25500 2118
25750 2119
26000 2119
26250 2121
26500 2131
26750 2140.5
27000 2146
27250 2150
27500 2154.5
27750 2161
28000 2174
28250 2188
28500 2208
28750 2232
29000 2248.5
29250 2262.5
29500 2273
29750 2275.5
30000 2289
30250 2305.5
30500 2323
30750 2358.5
31000 2402.5
31250 2450.5
31500 2500
31750 2549.5
32000 2595.5
32250 2636
32500 2661
32750 2699
33000 2743
33250 2787.5
33500 2825
33750 2834.5
34000 2820.5
34250 2799.5
34500 2777
34750 2755
35000 2733.5
35250 2712
35500 2690.5
35750 2667
36000 2641
36250 2607.5
36500 2559.5
36750 2476
37000 2387.5
37250 2292.5
37500 2194
37750 2092
38000 2002
38250 1956
38500 1913
38750 1873.5
39000 1837
39250 1807.5
39500 1790
39750 1780
40000 1777.5
40250 1778
40500 1780.5
40750 1783.5
41000 1788
41250 1800
41500 1817.5
41750 1843
42000 1887.5
42250 1937.5
42500 2007
42750 2074
43000 2144.5
43250 2230.5
43500 2321
43750 2413
44000 2509
44250 2602
44500 2683.5
44750 2760.5
45000 2835.5
45250 2908.5
45500 2977.5
45750 3036
46000 3064
46250 3078
46500 3083
46750 3081
47000 3072
47250 3057
47500 3040
47750 3028
48000 3037
48250 3097.5
48500 3164.5
48750 3234
49000 3303.5
49250 3370.5
49500 3427.5
49750 3453.5
50000 3456.5
50250 3472
50500 3483
50750 3483
51000 3479.5
51250 3468.5
51500 3438.5
51750 3401
52000 3358.5
52250 3311
52500 3260
52750 3211.5
53000 3179.5
53250 3154
53500 3134
53750 3128
54000 3118.5
54250 3086.5
54500 3044
54750 2996.5
55000 2946.5
55250 2892.5
55500 2833
55750 2758.5
56000 2678.5
56250 2595
56500 2509.5
56750 2419
57000 2335
57250 2275.5
57500 2202
57750 2158
58000 2125
58250 2093.5
58500 2064
58750 2036
59000 2009
59250 1985.5
59500 1973.5
59750 1963
60000 1954.5
60250 1957
60500 1954.5
60750 1961
61000 1966
61250 1968.5
61500 1966.5
61750 1962.5
62000 1958
62250 1954.5
62500 1960.5
62750 1967.5
63000 1974
63250 1980.5
63500 1986.5
63750 1992.5
64000 2002
64250 2013.5
64500 2022
64750 2030
65000 2038
65250 2045.5
65500 2053
65750 2059
66000 2063
66250 2063
66500 2064
66750 2067
67000 2072
67250 2084
67500 2115
67750 2152.5
68000 2192.5
68250 2234.5
68500 2281.5
68750 2339.5
69000 2402
69250 2465.5
69500 2527.5
69750 2585.5
70000 2636.5
70250 2670.5
70500 2698
70750 2726
71000 2768.5
71250 2815
71500 2860
71750 2901
72000 2934
72250 2974.5
72500 3015.5
72750 3055.5
73000 3093.5
73250 3129.5
73500 3163.5
73750 3194.5
74000 3222
74250 3242.5
74500 3263
74750 3281
75000 3291.5
75250 3283.5
75500 3259
75750 3252
76000 3252.5
76250 3225.5
76500 3202
76750 3180.5
77000 3157
77250 3138
77500 3126.5
77750 3134.5
78000 3155
78250 3188
78500 3229.5
78750 3276.5
79000 3328
79250 3380
79500 3424
79750 3466.5
80000 3503.5
80250 3513.5
80500 3505.5
80750 3493
81000 3508
81250 3543
81500 3616
81750 3688
82000 3722.5
82250 3741
82500 3738.5
82750 3760
83000 3802
83250 3838.5
83500 3874
83750 3907.5
84000 3932.5
84250 3974
84500 4018.5
84750 4056
85000 4082.5
85250 4105.5
85500 4128
85750 4150.5
86000 4167
86250 4161
86500 4152
86750 4124.5
87000 4093.5
87250 4066.5
87500 4024.5
87750 3982
88000 3947.5
88250 3921.5
88500 3901.5
88750 3885.5
89000 3873
89250 3864.5
89500 3861
89750 3859.5
90000 3859
90250 3852.5
90500 3822.5
90750 3801.5
91000 3783
91250 3775
91500 3791
91750 3817
92000 3842
92250 3866.5
92500 3890
92750 3907
93000 3899.5
93250 3892.5
93500 3883.5
93750 3868
94000 3844
94250 3822
94500 3804.5
94750 3794
95000 3803.5
95250 3813
95500 3823
95750 3835
96000 3847.5
96250 3858
96500 3853
96750 3845.5
97000 3837
97250 3829.5
97500 3825.5
97750 3836.5
98000 3891
98250 3931
98500 3957
98750 3956.5
99000 3974.5
99250 3998
99500 4020.5
99750 4033.5
100000 4015.5
100250 3997.5
100500 3981
100750 3966
101000 3954.5
101250 3952
101500 3956.5
101750 3963.5
102000 3972.5
102250 3984.5
102500 3987.5
102750 3985.5
103000 3984.5
103250 3985
103500 3969
103750 3945
104000 3916.5
104250 3880.5
104500 3821.5
104750 3762.5
105000 3725
105250 3684
105500 3644
105750 3609
106000 3587.5
106250 3569.5
106500 3553.5
106750 3539.5
107000 3529.5
107250 3521.5
107500 3514.5
107750 3508
108000 3502
108250 3496.5
108500 3491.5
108750 3488.5
109000 3489.5
109250 3495.5
109500 3501.5
109750 3514
110000 3526
110250 3528
110500 3546
110750 3569.5
111000 3593
111250 3618.5
111500 3641.5
111750 3637.5
112000 3635.5
112250 3635.5
112500 3634.5
112750 3630
113000 3618.5
113250 3592.5
113500 3567.5
113750 3557
114000 3551.5
114250 3547
114500 3542
114750 3535.5
115000 3526
115250 3506
115500 3475
115750 3482
116000 3497
116250 3513.5
116500 3531
116750 3552.5
117000 3574.5
117250 3595.5
117500 3612.5
117750 3624.5
118000 3634
118250 3644.5
118500 3656.5
118750 3664
119000 3674
119250 3685.5
119500 3696
119750 3705.5
120000 3711.5
120250 3708.5
120500 3706
120750 3710.5
121000 3735.5
121250 3767.5
121500 3801.5
121750 3841
122000 3883
122250 3924.5
122500 3967
122750 4010.5
123000 4057
123250 4101.5
123500 4135
123750 4162.5
124000 4180
124250 4204.5
124500 4227.5
124750 4235.5
125000 4223
125250 4200
125500 4171
125750 4151
126000 4128
126250 4092.5
126500 4049
126750 3990.5
127000 3927.5
127250 3866
127500 3814.5
127750 3759.5
128000 3711.5
128250 3674.5
128500 3659.5
128750 3654.5
129000 3654
129250 3656.5
129500 3660.5
129750 3665.5
130000 3672
130250 3681
130500 3697
130750 3736
131000 3763
131250 3789.5
131500 3815
131750 3823.5
132000 3840
132250 3859.5
132500 3880
132750 3901.5
133000 3924.5
133250 3948
133500 3980.5
133750 3999
134000 4017
134250 4032
134500 4039
134750 4003.5
135000 4019.5
135250 4043.5
135500 4053
135750 4059.5
136000 4063.5
136250 4067
136500 4071.5
136750 4075.5
137000 4074.5
137250 4058
137500 4034.5
137750 4007
138000 3976.5
138250 3944
138500 3906
138750 3868.5
139000 3833.5
139250 3804.5
139500 3785.5
139750 3764.5
140000 3745
140250 3728
140500 3713.5
140750 3702.5
141000 3701
141250 3725
141500 3757.5
141750 3793
142000 3829.5
142250 3867
142500 3905.5
142750 3945.5
143000 3986
143250 4030.5
143500 4086
143750 4105.5
144000 4082
144250 3988.5
144500 3868.5
144750 3738
145000 3606
145250 3469.5
145500 3322
145750 3211.5
146000 3074.5
146250 2930.5
146500 2796
146750 2662
147000 2526
147250 2388
147500 2251.5
147750 2126.5
148000 2038.5
148250 1948
148500 1902
148750 1870.5
149000 1847
149250 1833.5
149500 1814.5
149750 1796
150000 1782
150250 1784
150500 1830.5
150750 1893.5
151000 1966.5
151250 2067.5
151500 2185.5
151750 2310
152000 2434.5
152250 2573
152500 2714
152750 2853
153000 2987.5
153250 3112.5
153500 3218
153750 3273.5
154000 3307.5
154250 3325
154500 3315.5
154750 3310
155000 3306
155250 3307.5
155500 3303.5
155750 3301
156000 3302.5
156250 3305
156500 3302
156750 3276
157000 3242
157250 3203.5
157500 3139.5
157750 3092
158000 3057
158250 3043
158500 3044
158750 3053
159000 3084.5
159250 3124
159500 3162
159750 3187.5
160000 3171.5
