0 -988
250 -988.5
500 -988.5
750 -989.5
1000 -989.5
1250 -988
1500 -988
1750 -989.5
2000 -993
2250 -988.5
2500 -984
2750 -982.5
3000 -983
3250 -984.5
3500 -987
3750 -989.5
4000 -987
4250 -984.5
4500 -982.5
4750 -981
5000 -983
5250 -982.5
5500 -982
5750 -982
6000 -980
6250 -979.5
6500 -980
6750 -980.5
7000 -981.5
7250 -983
7500 -984.5
7750 -986
8000 -987.5
8250 -989
8500 -990.5
8750 -989.5
9000 -991
9250 -993
9500 -994
9750 -992.5
10000 -989.5
10250 -986.5
10500 -987
10750 -988.5
11000 -990
11250 -990.5
11500 -990.5
11750 -990.5
12000 -990
12250 -989.5
12500 -990
12750 -993
13000 -991.5
13250 -989
13500 -996
13750 -1004
14000 -1011
14250 -1010.5
14500 -998
14750 -986
15000 -985
15250 -985.5
15500 -984.5
15750 -983
16000 -981.5
16250 -980.5
16500 -980.5
16750 -980.5
17000 -977
17250 -972.5
17500 -967.5
17750 -966.5
18000 -966.5
18250 -966
18500 -966
18750 -966
19000 -966.5
19250 -966.5
19500 -965.5
19750 -962.5
20000 -963.5
20250 -961.5
20500 -962.5
20750 -963
21000 -962
21250 -957.5
21500 -952
21750 -951.5
22000 -952.5
22250 -957
22500 -956
22750 -953
23000 -948
23250 -949
23500 -948.5
23750 -946
24000 -945
24250 -943.5
24500 -942.5
24750 -941
25000 -939
25250 -936.5
25500 -941.5
25750 -944
26000 -945.5
26250 -945.5
26500 -945
26750 -944.5
27000 -944
27250 -942
27500 -939.5
27750 -937.5
28000 -937
28250 -938
28500 -939
28750 -940.5
29000 -943
29250 -946.5
29500 -952
29750 -960
30000 -968
30250 -957
30500 -946
30750 -937.5
31000 -932.5
31250 -934.5
31500 -935.5
31750 -935.5
32000 -935
32250 -934.5
32500 -934.5
32750 -934.5
33000 -934
33250 -933
33500 -930.5
33750 -932
34000 -932
34250 -932
34500 -933.5
34750 -937
35000 -939.5
35250 -937.5
35500 -937.5
35750 -944
36000 -953
36250 -962.5
36500 -966.5
36750 -950.5
37000 -933
37250 -934
37500 -932.5
37750 -932
38000 -931.5
38250 -933.5
38500 -935
38750 -943
39000 -948.5
39250 -938
39500 -927
39750 -925
40000 -925
40250 -924.5
40500 -923.5
40750 -920.5
41000 -916.5
41250 -909
41500 -891.5
41750 -917.5
42000 -955.5
42250 -994.5
42500 -1022
42750 -1003.5
43000 -973
43250 -942.5
43500 -918.5
43750 -918
44000 -925.5
44250 -924
44500 -921.5
44750 -921
45000 -919.5
45250 -916
45500 -910.5
45750 -905.5
46000 -900.5
46250 -895
46500 -889
46750 -883.5
47000 -877.5
47250 -869.5
47500 -862
47750 -855.5
48000 -853
48250 -863.5
48500 -878.5
48750 -894.5
49000 -905
49250 -883.5
49500 -877
49750 -874.5
50000 -872.5
50250 -871
50500 -869
50750 -868
51000 -867
51250 -866
51500 -865.5
51750 -864.5
52000 -863
52250 -862
52500 -861.5
52750 -862.5
53000 -861
53250 -859.5
53500 -857.5
53750 -857
54000 -856.5
54250 -856.5
54500 -858.5
54750 -858.5
55000 -857
55250 -855
55500 -853
55750 -852
56000 -850.5
56250 -850
56500 -849
56750 -847
57000 -842
57250 -836
57500 -830
57750 -824
58000 -817.5
58250 -812
58500 -810
58750 -819
59000 -820.5
59250 -828
59500 -822
59750 -820
60000 -819
60250 -818.5
60500 -818
60750 -817.5
61000 -820
61250 -823
61500 -825
61750 -823
62000 -823.5
62250 -825.5
62500 -827
62750 -825
63000 -823.5
63250 -822
63500 -815.5
63750 -808.5
64000 -803.5
64250 -799
64500 -795
64750 -793
65000 -796.5
65250 -800
65500 -798
65750 -795
66000 -793.5
66250 -792.5
66500 -791.5
66750 -790.5
67000 -790.5
67250 -788
67500 -787
67750 -786.5
68000 -786.5
68250 -787
68500 -787.5
68750 -788
69000 -788
69250 -788.5
69500 -790
69750 -788
70000 -787
70250 -787
70500 -786.5
70750 -786.5
71000 -786
71250 -785
71500 -784
71750 -782.5
72000 -781.5
72250 -781
72500 -781
72750 -779.5
73000 -779
73250 -779
73500 -777
73750 -775
74000 -774.5
74250 -773
74500 -772
74750 -772.5
75000 -774.5
75250 -779
75500 -779.5
75750 -777.5
76000 -775
76250 -772.5
76500 -772.5
76750 -774.5
77000 -776.5
77250 -778.5
77500 -774.5
77750 -772
78000 -772
78250 -778.5
78500 -777.5
78750 -776
79000 -773.5
79250 -771
79500 -766.5
79750 -758
80000 -749.5
80250 -744
80500 -747
80750 -757.5
81000 -797.5
81250 -838
81500 -865.5
81750 -857
82000 -816.5
82250 -810.5
82500 -813
82750 -816.5
83000 -806
83250 -796.5
83500 -789.5
83750 -786
84000 -788.5
84250 -791.5
84500 -790
84750 -788.5
85000 -792
85250 -794
85500 -794.5
85750 -792
86000 -786.5
86250 -785
86500 -780.5
86750 -784.5
87000 -801
87250 -810.5
87500 -804
87750 -803
88000 -803.5
88250 -804.5
88500 -806
88750 -808
89000 -811
89250 -814
89500 -810
89750 -806
90000 -802
90250 -799
90500 -796.5
90750 -794.5
91000 -793
91250 -793
91500 -794
91750 -796.5
92000 -800
92250 -799
92500 -797.5
92750 -795
93000 -792.5
93250 -793
93500 -794
93750 -795.5
94000 -796.5
94250 -797
94500 -798.5
94750 -801
95000 -803.5
95250 -805.5
95500 -810.5
95750 -826
96000 -845
96250 -861.5
96500 -842
96750 -821.5
97000 -812
97250 -806.5
97500 -803
97750 -802.5
98000 -807.5
98250 -813.5
98500 -819.5
98750 -821.5
99000 -792.5
99250 -773.5
99500 -821
99750 -886.5
100000 -938.5
100250 -907.5
100500 -857
100750 -807.5
101000 -770.5
101250 -772
101500 -771
101750 -770.5
102000 -770.5
102250 -771
102500 -773
102750 -783
103000 -793.5
103250 -795.5
103500 -796.5
103750 -797.5
104000 -798.5
104250 -796
104500 -793
104750 -790
105000 -787
105250 -782.5
105500 -776.5
105750 -772.5
106000 -773.5
106250 -770.5
106500 -768.5
106750 -769
107000 -768
107250 -772.5
107500 -775
107750 -776.5
108000 -791.5
108250 -811
108500 -828.5
108750 -823
109000 -783.5
109250 -769.5
109500 -765.5
109750 -765
110000 -765.5
110250 -766
110500 -765
110750 -764
111000 -765.5
111250 -764
111500 -762
111750 -760
112000 -761
112250 -761.5
112500 -760.5
112750 -758.5
113000 -756.5
113250 -758.5
113500 -760.5
113750 -762.5
114000 -766
114250 -774
114500 -781.5
114750 -773.5
115000 -763.5
115250 -755
115500 -747.5
115750 -743.5
116000 -756.5
116250 -771.5
116500 -780.5
116750 -768
117000 -753.5
117250 -746.5
117500 -744
117750 -742.5
118000 -739.5
118250 -741.5
118500 -743.5
118750 -744
119000 -742.5
119250 -741
119500 -744
119750 -737.5
120000 -735.5
120250 -734.5
120500 -733
120750 -731
121000 -730
121250 -733
121500 -732.5
121750 -730.5
122000 -728.5
122250 -727
122500 -725.5
122750 -724
123000 -722.5
123250 -720
123500 -717
123750 -711
124000 -710
124250 -709.5
124500 -708.5
124750 -707
125000 -705.5
125250 -703.5
125500 -701.5
125750 -700
126000 -702.5
126250 -704.5
126500 -703
126750 -704
127000 -706.5
127250 -709.5
127500 -710
127750 -702.5
128000 -694.5
128250 -693
128500 -693
128750 -691.5
129000 -687.5
129250 -682.5
129500 -677.5
129750 -672
130000 -667
130250 -661.5
130500 -653
130750 -644
131000 -636.5
131250 -639
131500 -651
131750 -660
132000 -659
132250 -652
132500 -635
132750 -627
133000 -622
133250 -619
133500 -616.5
133750 -614.5
134000 -612
134250 -637
134500 -682.5
134750 -678.5
135000 -662.5
135250 -646.5
135500 -633
135750 -623
136000 -616
136250 -611.5
136500 -607.5
136750 -596
137000 -584.5
137250 -575
137500 -566
137750 -559
138000 -558
138250 -581.5
138500 -610
138750 -635.5
139000 -649
139250 -624.5
139500 -575
139750 -535.5
140000 -507
140250 -499
140500 -492.5
140750 -492.5
141000 -494
141250 -495.5
141500 -499.5
141750 -507.5
142000 -515.5
142250 -524.5
142500 -530.5
142750 -517
143000 -500.5
143250 -486.5
143500 -485.5
143750 -486
144000 -484.5
144250 -480.5
144500 -472
144750 -465
145000 -468
145250 -475.5
145500 -487.5
145750 -512
146000 -503
146250 -486
146500 -468
146750 -450
147000 -432.5
147250 -416
147500 -402
147750 -399
148000 -392.5
148250 -384
148500 -375
148750 -367
149000 -363
149250 -361
149500 -363.5
149750 -377
150000 -425.5
150250 -489
150500 -503
150750 -468
151000 -414
151250 -338.5
151500 -332.5
151750 -343.5
152000 -350.5
152250 -354.5
152500 -352
152750 -346.5
153000 -340
153250 -334
153500 -328.5
153750 -324.5
154000 -317.5
154250 -314
154500 -311.5
154750 -309.5
155000 -307
155250 -300.5
155500 -293
155750 -285
156000 -277.5
156250 -270
156500 -264
156750 -265
157000 -267.5
157250 -269.5
157500 -270
157750 -270.5
158000 -271
158250 -272.5
158500 -277
158750 -284
159000 -290
159250 -291
159500 -278
159750 -262.5
160000 -254
